1505,686
1507,686
1506,686
1508,686
1509,686
1519,686
1511,686
1518,686
1510,686
1513,686
1512,686
1514,686
1517,686
1516,686
1520,686
1553,686
1552,686
1555,686
3384,686
1557,686
1558,686
1554,686
1515,686
1629,667
1626,667
1625,667
1620,667
1624,667
1621,667
1526,667
1527,667
1565,667
1525,667
1528,667
1622,667
1502,667
3419,638
3399,638
3417,638
3420,638
3421,638
3422,638
3430,638
1599,784
3393,784
1601,784
6964,784
4965,784
1602,688
1603,688
4970,688
4971,688
1596,657
4963,657
4964,657
1594,657
1597,657
4968,657
4966,657
1598,657
6961,658
6962,658
6958,658
6959,658
1595,658
4979,658
4980,658
4981,658
4982,658
6963,658
902,694
903,694
904,694
954,694
953,694
845,701
841,701
878,701
856,701
857,701
869,683
842,683
843,683
992,683
833,700
834,700
874,684
822,684
876,684
830,684
870,684
872,684
832,684
873,684
825,698
824,698
823,698
835,711
861,711
773,711
875,711
831,711
882,697
881,697
865,697
866,697
864,697
862,697
863,697
986,697
867,697
868,697
956,695
883,695
957,695
893,696
892,696
955,696
891,696
886,696
836,734
837,734
810,734
1869,734
1863,734
1864,734
811,734
812,734
1895,734
1867,734
1862,734
1868,734
750,728
738,728
759,728
774,768
761,768
770,768
764,768
751,768
760,768
757,768
776,768
758,768
791,765
787,765
782,765
797,765
781,765
777,765
799,765
813,732
851,732
820,709
848,709
847,709
853,709
805,709
814,709
804,709
852,733
798,733
794,733
793,733
821,708
854,708
819,708
849,708
809,708
807,708
808,708
877,699
838,699
840,699
879,699
818,699
844,699
855,699
871,699
817,699
800,729
850,731
775,731
756,731
816,731
754,730
801,730
815,730
802,730
803,730
755,730
828,710
827,710
826,710
806,710
905,712
906,712
907,712
908,712
829,712
884,685
984,685
887,685
958,685
985,685
1578,685
1574,685
880,685
959,687
982,687
983,687
889,687
981,687
888,687
890,687
885,687
979,693
925,693
899,693
898,693
914,693
926,693
924,693
896,693
897,693
911,693
912,693
901,693
910,693
913,693
916,693
915,693
918,693
917,693
927,693
909,693
900,693
894,693
895,693
977,693
4969,689
974,689
928,689
973,689
933,689
934,689
976,689
961,689
950,656
949,656
948,656
946,656
975,656
947,656
4967,656
966,647
951,647
952,647
967,647
4977,646
4972,646
3398,646
4973,646
4974,646
3397,646
3406,691
4978,691
3404,691
6511,691
3402,691
3400,691
3403,691
3409,691
3407,691
3425,691
3408,691
4953,644
4950,644
4797,644
4948,644
4798,644
4949,644
4799,644
3405,644
4951,644
3401,644
4962,643
4790,643
4789,643
4788,643
4794,643
4793,643
4792,643
4796,643
4795,643
4787,643
4957,642
4956,642
6576,853
6587,853
6575,853
6514,637
6581,637
6580,637
6583,637
6516,637
6515,637
6579,637
6578,637
3414,639
3424,639
3413,639
3412,639
3416,639
3423,639
3473,639
3429,639
4960,640
6528,640
6529,640
4961,640
4959,640
3427,640
3415,640
3426,640
4791,641
4955,641
6512,641
3411,641
6582,641
4958,641
4784,645
4780,645
4785,645
4786,645
4782,645
4781,645
6551,1275
6550,1275
6570,1275
6569,1183
6549,1183
6546,1183
6560,299
6561,299
6562,299
6566,299
6552,299
3460,906
3461,906
6602,906
6601,906
6600,906
6598,906
6597,906
6599,906
3470,906
3471,906
3472,906
3463,906
6603,906
6604,906
6563,906
3442,636
6507,636
3431,636
6508,636
3418,636
6510,636
6509,636
3432,636
3428,636
6504,636
6503,636
6501,636
6505,636
6502,636
6500,636
3475,636
3474,636
4983,659
4975,659
3443,659
3433,659
3392,659
4976,659
6954,659
3391,659
3458,663
3459,663
3453,663
3452,663
3395,663
4998,660
4994,660
4993,660
4992,660
4991,660
3394,660
6729,632
3445,632
3448,632
3447,632
6656,632
3446,632
3454,632
5437,632
3468,634
3467,634
3466,634
3464,634
6544,634
3450,634
3451,634
3444,634
3462,634
3465,634
6542,634
3440,635
3439,635
3456,635
4995,635
3457,635
3455,635
3441,635
6728,635
3449,635
3469,635
3389,665
3390,665
1627,665
1628,665
3383,1537
1593,1537
3387,1537
3388,1537
1523,1537
1524,1537
1522,1537
3386,1537
1556,1537
1521,1537
3381,715
4999,715
3382,715
3396,715
6955,715
6956,715
6960,715
3385,715
4988,715
4990,715
4987,664
4989,664
4984,664
6957,664
1630,666
4985,666
4986,666
1623,671
1530,671
1529,671
1532,671
1531,671
1540,671
1538,671
1539,671
1542,671
1541,671
1533,671
1501,671
1669,671
1613,671
1614,671
1615,671
1559,671
1500,671
1667,671
1668,671
1547,672
1549,672
1535,672
1546,672
1545,672
1548,672
1551,672
1544,672
1543,672
1550,672
1534,672
1537,672
1536,672
999,682
991,682
990,682
1562,682
1563,682
994,682
993,682
995,682
988,682
1561,682
978,682
846,682
989,682
998,682
1560,682
987,682
996,682
1503,682
997,682
1504,682
1674,1809
7625,1809
7627,1809
7626,1809
7624,1809
7623,1809
5869,1809
7628,1809
6225,619
6228,619
6229,619
6230,619
6227,619
6226,619
6223,619
6224,619
6222,619
6219,619
5876,604
5874,604
5919,604
5907,604
5908,604
5905,604
5906,604
5918,604
5903,604
5917,604
5920,604
5870,1810
5873,1810
5921,1810
5875,1810
5923,1810
5922,1810
5924,1810
5897,1810
5925,1810
7633,675
5866,675
7602,675
5867,675
5868,675
7604,1805
7605,1805
7621,1805
7632,1805
7603,674
1645,673
1637,673
1635,673
1661,673
1646,673
7613,599
7618,599
7636,599
5886,599
7635,599
5885,599
5884,599
5887,599
7608,602
7614,602
7616,602
7615,602
7610,602
7611,602
7619,602
7620,602
7609,602
7607,602
7606,602
4557,596
4556,596
6165,596
6178,596
6189,596
7634,597
4559,597
4558,597
7637,597
1857,702
858,702
4037,702
1866,702
859,702
1856,702
860,702
1662,669
1634,669
1655,669
1584,669
1672,669
1671,669
1670,669
1633,668
1644,668
1647,668
1648,668
1649,668
1632,668
1652,668
1642,668
1651,668
1654,668
1638,668
1631,668
1659,676
5435,676
1656,676
1641,676
1660,676
1607,676
1608,676
1643,676
1663,670
1664,670
1665,670
1639,670
1650,670
1640,670
1666,670
1618,670
1617,670
1616,670
1619,670
1587,1013
1583,1013
1585,1013
1580,1013
1577,1013
1575,1013
1572,1013
1590,1013
1606,1013
1573,1013
1588,1013
1589,1013
1605,1013
1592,1013
1591,1013
1571,1013
1686,679
1612,679
1676,679
1679,679
1677,679
1610,679
1609,679
1586,679
1673,1808
1681,1808
1680,1808
1683,1808
1687,1808
1678,1808
1611,1808
1657,1808
1658,1808
1751,681
1747,681
1736,681
1752,681
1581,681
1582,681
1579,681
1564,681
1566,681
1567,681
1569,681
1568,681
1570,681
1576,681
5902,1811
6208,1811
6205,1811
6204,1811
5901,1811
5898,1811
6207,1811
6203,1811
5900,1811
5896,1811
6214,605
6215,605
6216,605
6217,605
6209,605
6206,605
6211,605
6213,605
6220,605
6221,605
5904,605
6218,605
6210,605
6212,605
5888,607
6190,607
6192,607
6193,607
6201,607
6202,607
5899,607
6200,607
5893,606
5892,606
5891,606
5890,606
5932,606
5894,606
5889,606
5895,606
5933,606
6188,594
6198,594
6191,594
6197,594
6199,594
6196,594
6194,594
6195,594
6185,594
6183,594
6186,594
6182,594
6184,594
6181,594
4890,532
4887,532
4947,534
4891,534
6254,534
6251,534
6245,1632
6247,1632
6244,1632
6248,1632
6255,1585
6257,1585
6260,1585
6261,1585
6258,1585
6262,1585
6291,1585
6263,1585
6264,1585
4944,536
4942,536
4940,536
4941,536
4943,536
6238,1636
6246,1636
4945,1636
4946,1636
5383,546
6065,546
6250,546
6047,546
6084,1637
6072,1637
6071,1637
6069,1637
6066,1637
6068,1637
6070,1637
6067,1637
2543,1637
4930,1639
4912,1639
4938,545
4935,545
4939,1638
4914,1638
4933,1638
4915,541
4936,541
4934,541
4929,541
4937,541
6085,1641
6088,1641
6086,1641
6078,1631
6089,1631
6076,1631
6235,1631
6237,1631
6236,1631
6233,1631
6234,1631
6239,1631
6081,1648
6080,1648
6079,1648
6077,1648
6073,1648
6104,1647
6105,1647
6099,1647
6096,1647
6094,1647
6095,1647
6103,1647
6087,1647
6075,1647
6083,1647
6082,1647
6074,1647
6093,547
6091,547
6092,547
6090,547
6130,544
6106,544
6110,544
6117,544
6107,544
6101,544
6108,544
6121,544
6128,544
6112,1657
6113,1657
6111,1657
6109,1657
6131,1658
6125,1658
6115,1658
6114,1658
6116,1658
6120,1658
6127,1658
6126,1658
6137,556
6136,556
6140,556
6150,556
6134,556
6133,556
6132,556
6170,564
6169,564
6173,564
6176,564
6177,564
6187,564
6180,564
6179,564
6162,564
6168,564
6172,564
6167,564
6161,564
6175,564
6160,564
6166,564
6171,564
6174,564
6138,564
6135,564
5484,1378
5482,1378
5483,1378
6805,1378
5479,1378
5394,626
6800,626
6801,626
5396,626
6802,626
5397,626
6799,626
5395,626
6708,626
7240,626
6709,626
6683,626
5477,1791
6797,1791
6796,1791
6798,1791
6803,1791
6804,1791
5488,1792
5485,1792
5487,1792
5489,1792
5490,1792
5491,1792
5495,1792
5492,1792
5480,1792
5457,1787
5471,1787
5478,1787
5493,1787
5496,1787
5494,1787
5497,1787
5916,1787
6646,905
6647,905
6558,905
6596,905
7224,905
6567,905
7225,905
6564,1538
6568,1538
6557,1538
6671,1542
6663,1542
7222,1542
6664,1542
6545,1542
6556,1542
7223,1542
6543,1542
6682,903
6706,903
6705,903
7274,903
6733,903
7275,903
7277,903
6702,903
7242,1541
7241,1541
7231,1541
7236,1541
6675,1541
7237,1541
7228,1541
7229,1541
6674,1540
6655,1540
6673,1540
6672,1540
6676,1540
6634,1540
6635,1540
6654,1540
7238,1545
7234,1545
7233,1545
7227,1545
6719,1545
6689,1545
7232,1545
6688,1545
6793,1431
6794,1431
6795,1431
7184,1444
7183,1528
6754,1445
6755,1445
6753,1527
6769,1511
6764,1511
6763,1511
6766,1511
6767,1511
6770,1511
6765,1511
6762,1511
7361,1180
6997,1180
7319,1180
4325,1180
4324,1180
4490,1180
6751,1180
3810,1180
4370,1180
5595,1464
5596,1464
5592,1464
5593,1464
5598,1464
5594,1464
5597,1464
5599,1464
5600,1464
5559,1464
5570,1486
5562,1486
5568,1486
5565,1468
5561,1468
5591,1468
5564,1468
5567,1468
6771,1465
5601,1465
6760,1465
6746,1525
6756,1524
6742,1524
6749,1442
6750,1441
6752,1441
6748,1522
6747,1523
6745,1523
6741,1440
6743,1440
6772,1439
6758,1439
6744,1439
6761,1439
6757,1439
6774,1423
6775,1423
6773,1423
6736,1423
6735,1423
6697,1544
6690,1544
6700,1544
6687,1544
6628,1189
6638,1189
6640,1189
6614,1189
4328,1342
7657,1342
4323,1342
4300,1342
4367,1342
4301,1342
6625,1185
6611,1185
6608,1185
6641,1185
6612,1185
6613,1185
6609,1185
6679,1187
6680,1187
6648,1187
6650,1187
6649,1187
6651,1187
6572,1184
6573,1184
6541,854
6555,854
6548,854
6554,854
6553,854
6632,1182
6624,1182
6623,1182
6615,1182
6639,1182
6633,1182
6621,1182
6622,1182
6645,1182
6547,1182
6518,907
6595,907
6594,907
6559,1539
6565,1539
6631,1377
6636,1377
6642,1377
6644,1377
6643,1377
6681,904
6686,904
6678,904
6677,904
6637,904
6629,904
6630,904
6626,1543
6627,1547
6693,1547
6768,1188
6759,1188
6695,1188
6699,1188
6694,1188
6691,1188
6696,1188
6698,1188
6701,1188
6692,1188
6730,1546
6732,1546
6731,1546
6722,1546
6704,1546
6790,1546
6720,1546
6738,1548
6737,1548
6788,1548
6740,1548
6734,1548
6739,1548
6789,1548
6782,1424
6781,1424
6778,1424
6779,1424
6780,1424
6787,1424
6785,1795
6777,1795
6786,1795
6784,1795
6783,1795
6791,1186
6792,1186
7266,1186
7265,1186
7271,1186
7273,1186
7278,1181
7276,1181
7245,1181
7263,1181
7267,1181
7270,1181
7268,1181
7264,1181
6703,1181
6721,1181
6707,902
6713,902
6712,902
7239,628
7230,628
7235,628
6718,628
6717,628
6714,628
6715,628
6710,628
7244,628
7243,628
6711,628
6716,628
6685,630
6670,630
6669,630
6652,630
6653,630
6667,630
6665,630
6684,630
6668,630
6658,629
6659,629
6666,629
6660,629
6661,629
6723,629
7226,629
6662,629
6724,629
5456,627
5453,627
6809,627
6807,627
5392,627
5391,627
5393,627
6726,627
5398,627
6657,627
5454,627
5455,627
5472,627
7638,662
7639,662
3434,661
4997,661
4996,661
6725,633
3436,633
3438,633
6727,633
3437,633
3435,633
5390,631
5422,631
6776,631
5451,1789
5428,1789
5426,1789
5425,1789
5424,1789
5423,1789
5427,1789
6811,1789
6812,1789
6808,1789
5452,1789
6810,1789
6806,1789
5474,625
5475,625
5476,625
5481,625
5486,625
5466,1788
5463,1788
5462,1788
5461,1788
5460,1788
5459,1788
5473,1788
5458,1788
5467,624
5469,624
5464,624
5470,624
5465,624
5468,624
5498,621
5499,621
5915,621
5914,621
5880,618
5912,618
5913,618
5881,618
5877,620
5878,620
5879,620
6231,620
5911,620
6232,620
5910,620
5909,620
7629,603
7622,603
7631,603
7630,603
5929,603
5926,603
5871,603
5872,603
5928,603
5927,603
5931,603
5930,603
1748,601
1749,601
1705,601
1704,601
1746,601
1703,601
1695,601
1699,601
1690,601
1694,601
1691,601
1692,601
1689,601
1685,601
1755,1807
1697,1807
1696,1807
1754,1807
1700,1807
1702,1807
1758,680
1756,680
1753,680
4567,598
4566,598
7600,598
7612,598
7617,598
4560,598
4561,598
4563,598
4564,598
4562,598
1741,600
1742,600
1743,600
1745,600
4568,600
1735,1806
1715,1806
1737,1806
1739,1806
1750,1806
1738,1806
1714,1806
1707,1806
1740,1806
1727,677
1726,677
1725,677
1724,677
1723,677
1720,677
1717,677
1711,677
1722,677
1728,677
1701,677
1706,677
1954,760
173,760
205,760
1799,760
1818,760
1978,760
1951,760
1794,760
1900,760
1888,760
1769,706
1766,706
1767,706
1768,706
1778,706
1779,706
1842,706
1782,706
7845,706
7844,706
1765,706
1744,703
1698,703
1762,703
1764,703
483,703
1847,737
1849,737
1891,737
1893,737
1848,737
1851,737
1805,737
1803,737
1796,737
1773,704
1772,704
1771,704
1761,704
1757,704
1759,704
1760,704
1763,704
1770,704
1776,704
1781,704
1797,678
1734,678
1775,678
1733,678
1732,678
1731,678
1730,678
1729,678
1792,705
1793,705
1786,705
1795,705
1801,705
1787,705
1798,705
1783,705
219,1930
329,1930
224,1930
225,1930
215,1930
221,1930
220,1930
223,1930
227,1930
316,1930
1807,738
1804,738
1821,738
1791,738
1806,738
1808,738
1790,738
1819,738
1822,738
1834,738
1837,738
1838,738
1812,739
1810,739
1809,739
1824,739
1826,739
1828,739
1823,739
203,739
1831,739
206,1929
1816,1929
1815,1929
1814,1929
211,1929
1829,1929
1827,1929
1830,1929
232,1929
200,1929
199,1929
1909,1934
1932,1934
1907,1934
1839,1934
1840,1934
1789,1934
1788,1934
1846,1934
1843,1934
1844,1934
1845,1934
1899,1934
1913,1934
1912,1934
6420,1934
1833,1934
194,753
193,753
226,753
228,753
229,753
189,753
175,753
191,753
188,753
192,753
1902,736
1802,736
1982,736
1979,736
1983,736
172,736
155,736
1976,736
1800,736
1858,707
1853,707
1852,707
1929,707
1854,707
1865,707
839,707
1898,707
1886,707
1859,707
1860,707
157,707
163,707
1861,707
158,707
1994,707
1999,707
1855,707
1928,1931
179,1931
178,1931
1777,1931
177,1931
180,1931
181,1931
182,1931
1939,1931
230,1931
183,1931
328,1931
314,1931
313,1931
184,1931
169,759
1955,759
1950,759
1938,759
1916,759
1914,759
1975,759
1934,759
1917,759
1785,759
1919,759
1918,759
1965,759
1924,759
1920,759
1940,759
1922,759
1925,759
1926,759
1927,759
1811,1933
190,1933
176,1933
1813,1933
174,1933
1817,1933
1971,1933
1841,752
1825,752
204,752
195,752
202,752
1836,752
1832,752
1820,752
197,752
1923,752
201,751
198,751
196,751
218,751
222,751
231,751
209,1928
210,1928
212,1928
208,1928
213,1928
214,1928
217,1928
216,1928
3101,832
3095,832
3092,832
3091,832
3090,832
3086,832
3083,832
3079,1774
3081,1773
6473,1777
6302,1777
6484,1777
6487,1777
6485,1777
6489,1777
6472,1777
6470,1777
6474,1778
6471,1778
7221,843
6492,843
6479,843
6480,843
6301,845
6478,845
6490,845
6475,844
6491,844
6477,844
6481,844
6486,844
3067,842
3069,842
3070,842
3074,842
3066,842
3063,842
3071,842
3068,842
6476,842
3075,840
3073,840
3072,840
3061,841
3064,841
3062,841
3065,841
3076,841
3077,841
3078,841
3085,839
3080,838
3087,836
3084,836
3082,836
3098,834
3099,834
3096,834
3093,834
3094,834
3088,834
3089,834
3097,834
3100,834
3107,835
3102,835
3103,835
3104,835
3116,825
3115,825
3113,825
3114,825
3112,825
3110,825
3106,825
3109,825
3108,825
3111,825
3117,830
3128,830
3127,830
3105,830
3138,1734
3137,1734
3131,1734
3130,1734
3129,1734
3123,831
3124,831
3122,831
3121,831
3120,831
3118,831
3119,831
3126,822
3143,822
3146,822
3144,822
3145,822
3160,822
3150,822
3149,822
3162,822
3135,824
3141,824
3139,824
3140,824
3147,824
3148,824
3180,824
3158,824
3178,824
3159,824
3177,824
3179,824
3183,824
3187,823
3185,823
3176,823
3174,823
3170,823
3173,823
3156,823
3151,823
3157,823
3134,823
3142,823
3136,823
3132,823
3133,823
3152,823
3155,823
3154,823
3169,823
3171,823
3172,823
3153,823
3184,1728
3182,1728
3168,1728
3207,1728
3206,1728
3186,1728
3204,1728
3198,1728
3205,1728
3197,1728
3248,1728
3209,1728
3237,1728
3216,1728
3214,1728
3213,1728
3215,1728
3167,1728
3203,1728
3208,1728
3247,1728
3232,821
3217,821
3218,821
3221,821
3355,821
3164,821
3163,821
3181,821
3166,821
3219,821
3220,821
3165,821
3229,820
3161,820
3227,820
3226,820
3225,820
3231,820
3224,820
3223,820
3228,820
1335,163
1338,163
1336,162
1333,162
1334,162
1337,162
1322,161
1324,161
1330,161
1326,161
1331,161
1325,161
1328,161
1318,2013
1321,2013
1320,2013
1294,160
1297,160
1316,160
1319,160
1317,160
1314,160
1313,160
1298,160
1291,159
1293,159
1292,159
1295,159
1296,159
1290,159
1150,158
1151,158
1051,158
1289,158
1154,158
1155,158
1153,158
1288,158
1086,201
1085,201
1251,179
1253,179
1264,179
1262,179
1265,179
1252,179
1255,179
1254,179
1261,179
1226,1978
1222,1978
1223,1978
1207,1978
1224,1978
1219,200
1218,200
1092,200
1019,200
1018,200
1225,200
1192,1977
1191,1977
1193,1977
1205,1977
1206,1977
1103,199
1187,199
1021,199
1190,199
1093,199
1094,199
1096,199
1102,199
1188,199
1100,199
1097,199
1176,198
1184,198
1182,198
1177,198
1022,198
1195,198
1174,191
1183,191
1173,191
1043,191
1161,191
1046,191
1159,191
1179,191
1175,191
1180,191
1162,191
1110,1975
1185,1975
1178,1975
1041,1975
1181,1975
1189,1975
1109,1975
1186,1975
1309,186
1329,186
1327,186
1428,186
1310,186
1427,186
1323,186
1315,186
1303,2012
1308,2012
1312,2012
1311,2012
1356,164
1358,164
1414,164
1410,164
1341,164
1417,164
1064,174
1243,174
1247,174
1011,174
1070,174
1212,174
1214,174
1015,174
1213,174
1012,173
1244,173
1241,173
1063,173
1062,173
1229,176
1221,176
1227,176
1231,175
1230,175
1228,175
1220,175
1091,175
1235,172
1240,172
1239,172
1236,172
1245,172
1216,172
1215,172
1246,172
1242,172
1032,171
1030,171
1029,171
1250,171
1234,171
1237,171
1238,171
1217,171
1267,171
1263,171
1035,170
1034,170
1033,170
1031,170
1037,170
1038,170
1259,170
1260,170
1249,170
1248,170
1274,169
1273,169
1036,169
1275,169
1277,169
1039,169
1040,169
1282,168
1278,168
1284,168
1280,168
1276,168
1279,168
1026,178
1271,178
1027,178
1256,178
1268,178
1028,178
1269,178
1272,178
1270,178
1208,177
1211,177
1232,177
1233,177
1266,177
1203,177
1210,177
1209,177
1462,197
1455,197
1204,197
1024,197
1200,197
1438,197
1202,197
1023,197
1304,194
1201,194
1437,194
1451,196
1452,196
1458,196
1463,196
1457,196
1456,196
1025,196
1381,1974
1383,1974
1380,1974
1447,1974
1384,1974
1399,1974
1382,1974
1449,1974
1443,1974
1286,1974
1258,1974
1450,1974
1257,1974
1367,180
1385,180
1398,180
1393,180
1387,180
1283,180
1285,180
1281,180
1287,180
1396,180
1397,180
1394,180
1395,180
1350,167
1361,167
1362,167
1366,167
1363,167
1364,167
1389,167
1392,167
1390,167
1391,167
1388,167
1365,167
1345,166
1347,166
1346,166
1348,166
1349,166
1342,165
1344,165
1353,165
1351,165
1343,165
1357,165
1339,2014
1415,2014
1359,2014
1340,2014
1373,183
1411,183
1405,183
1412,183
1409,183
1404,183
1352,182
1360,182
1354,182
1370,182
1369,182
1368,182
1375,182
1386,182
1376,182
1371,182
1374,182
1355,182
1441,181
1442,181
1372,181
1378,181
1377,181
1446,181
1444,181
1379,181
1448,181
1429,184
1420,184
1424,184
1403,184
1418,184
1402,184
1401,184
1436,184
1406,184
1459,184
1439,184
1407,184
1440,184
1408,184
1460,184
1416,185
1413,185
1332,185
1419,185
1422,185
1421,185
1425,195
1423,195
1400,195
1435,195
340,195
1461,195
1454,195
1431,195
1430,193
1433,193
1432,193
1426,193
1306,193
1434,193
1049,192
1305,192
1307,192
1198,192
1199,192
1197,192
1196,192
1194,192
1160,192
1158,187
1300,187
1299,187
1302,187
1301,187
1048,188
1050,188
1156,188
1157,188
1164,188
1166,188
1165,188
1167,188
1172,188
1163,188
1047,1976
1147,1976
1146,1976
1145,1976
1134,156
1135,156
1133,156
1132,156
1131,156
1130,156
1136,156
1137,156
1129,156
1141,156
1140,156
1139,156
1042,190
1120,190
1111,190
1044,190
1119,190
1117,190
1045,190
1169,190
1168,189
1170,189
1127,189
1128,189
1122,189
1121,189
1171,189
1114,155
1118,155
1124,155
1116,155
1126,155
1125,155
1123,155
1115,155
1113,155
1107,154
1108,154
1112,154
1020,154
1104,154
1106,154
1105,154
1083,153
1099,153
1098,153
1095,153
1101,153
1142,157
1152,157
1143,157
1148,157
1149,157
1138,157
1067,206
1069,206
1068,206
1081,202
1016,202
1088,202
1072,202
1073,202
1080,202
1065,202
1014,202
1089,202
1066,202
1013,202
1071,202
1090,202
1077,207
1076,207
1074,207
1075,207
1078,152
1017,152
1082,152
1084,152
1087,152
6043,269
6042,269
6041,268
6040,268
6038,271
6039,270
6037,272
6035,272
6034,296
6025,296
6036,295
6033,295
6023,297
6022,297
6013,297
6024,1706
6027,294
6028,294
6021,293
6019,293
6026,292
6029,292
6030,292
6031,292
6032,290
6018,1701
6016,1701
6008,932
6010,301
6009,300
6007,1704
6006,931
6005,6
6002,303
6000,303
6001,303
6003,303
6014,1702
6015,298
6017,1703
6020,1705
6012,302
6011,302
6004,305
3887,266
3886,266
3885,266
3879,267
3880,267
3875,267
3878,267
3877,1685
3876,1685
3871,1684
3873,1684
3870,1684
3872,1684
3869,1684
3868,264
3864,264
3865,264
3862,264
3863,264
3881,265
3882,265
3883,265
3884,1687
3866,1683
3867,1683
3874,1683
3892,262
3891,262
3858,262
3861,263
3860,263
3859,263
3857,263
3889,261
3888,261
3895,261
4756,367
4760,367
3856,1688
3855,1688
4750,1587
4863,369
6283,369
4755,368
4757,368
3890,259
3838,259
3969,309
3971,309
3970,309
3975,309
3962,1980
3968,1982
3974,1982
3967,1982
4759,430
4002,434
4762,434
3991,1589
3993,1589
3910,1589
3979,1589
3992,1589
3980,1589
3996,364
3995,364
4000,364
3997,364
3998,364
4001,364
3945,439
3813,439
3814,439
3812,439
3912,1926
3913,1926
3944,1926
3928,440
3929,440
4017,440
3915,438
4009,438
3940,438
3939,438
4008,438
3811,314
3803,253
3801,253
3804,253
3800,253
3770,253
3742,253
3025,125
3735,125
3738,125
3052,125
3012,250
3731,250
3022,250
3732,250
3020,250
3743,251
3744,251
3734,251
3736,251
3733,251
3745,251
3820,1984
3806,1984
3807,1984
3805,1984
3802,1984
3809,1984
3765,252
3766,252
3774,252
3769,252
3771,252
3767,252
3768,252
3772,252
3808,1985
3815,361
3817,447
3819,1698
3917,1698
3916,1697
3921,1697
3920,1697
3923,446
3922,446
3930,441
3926,441
3932,441
3934,362
3818,362
3933,362
3931,362
3935,362
3938,437
3937,437
3936,437
3816,437
3914,437
3911,363
3941,363
3942,363
3943,363
3845,79
3846,79
3821,313
3952,313
3953,313
3946,313
3947,254
3799,254
3948,254
3822,254
3741,249
3746,249
3639,249
3740,249
3739,249
3638,249
3637,249
3684,115
3685,115
3687,115
3688,115
7738,118
3721,118
3726,118
3730,118
3689,118
3728,90
3727,90
3718,90
3719,90
3729,90
3720,119
3717,119
3715,119
3716,119
3678,93
3676,93
3844,93
3843,78
3677,78
3708,117
3706,117
3680,117
3705,117
3009,242
3011,242
3024,134
3019,134
3018,134
3016,127
2499,127
3017,127
3015,127
3013,127
3014,127
3007,133
3004,133
3003,133
2453,133
2494,930
2498,930
2496,930
2497,930
3002,930
3703,129
2455,129
3686,129
3001,129
3704,116
3683,116
3682,116
3681,116
3709,116
3042,94
3046,94
3679,94
3707,94
3028,76
3675,76
3041,76
3714,91
3711,91
3710,91
3713,92
3712,92
3849,92
3634,245
3633,245
3632,245
3636,248
3635,248
3753,360
3644,360
3643,360
3755,360
3754,360
3642,360
3764,360
3749,315
3775,315
3750,315
3751,315
3640,315
3747,315
3748,315
3641,315
3762,448
3645,448
3646,448
3763,448
3647,448
3648,448
3649,448
3759,1700
3758,1700
3757,1700
3760,1700
3756,1700
3761,1700
3773,1700
3752,1700
3691,128
3692,128
2454,128
3696,1986
3690,1986
3694,1986
3695,1986
3053,126
3023,126
3021,126
3055,124
3737,124
3056,124
3054,124
3697,124
3693,124
7732,123
3701,123
3723,123
3698,123
3722,123
3724,123
3725,123
3797,122
3798,122
3702,122
3788,1981
3789,1981
3699,1981
3700,1981
3790,1983
3787,1983
3785,1983
3792,1987
3791,1987
3793,1987
3824,121
3795,121
3794,121
3796,121
3823,121
3777,89
3851,83
3778,83
3776,83
3834,1989
3779,1989
3854,1989
3781,1989
3850,82
3848,80
3784,88
3783,88
3786,88
3847,81
3833,84
3832,84
3852,84
3990,312
3951,312
3956,312
3981,312
3954,312
3988,311
3950,311
3909,310
3989,310
3983,365
3986,365
3994,365
3984,365
3999,365
3965,255
3960,255
3958,255
3949,255
3964,257
3977,257
3963,257
3976,257
3973,257
3978,257
3972,258
3780,87
3782,87
3830,87
3841,87
3835,87
3966,256
3959,256
3961,256
3955,256
3957,256
3827,120
3826,120
3825,120
3831,1979
3828,1979
3829,1979
3840,86
3836,85
3839,85
3842,85
3837,848
3907,1988
3982,1988
3987,1988
3894,1988
3897,260
3900,260
3896,260
3893,260
3898,306
3903,307
3902,307
3901,307
3904,308
3906,308
3985,308
3905,308
4754,1588
4758,1588
3908,1588
4752,366
4753,366
4751,366
3899,304
7816,1592
7817,1592
7812,1593
7815,373
7814,373
7810,421
7811,421
7813,421
7818,374
7819,1597
7808,1597
7809,372
6290,1584
6267,1584
6275,530
6297,1633
7828,1633
6240,1633
6295,1633
7642,1633
6241,1633
6242,1633
7826,535
6296,535
7829,535
7827,535
6253,535
6243,535
6249,1635
6256,1635
6292,1635
6252,1635
7821,549
7824,549
7825,549
6298,549
7820,425
6293,425
6294,425
7823,424
7805,424
7822,424
4775,432
4761,432
4777,432
7807,426
7831,426
7806,426
7834,426
7830,422
7832,422
4865,371
6286,427
6285,427
4864,370
4862,370
6282,370
6287,529
6284,529
6279,529
6278,529
6288,529
6277,529
7836,1583
7298,1583
7804,1583
6289,1583
7833,423
7835,423
4767,431
4766,431
4768,431
4769,431
4764,429
4765,429
4772,1586
4771,1586
4011,433
4006,433
4010,433
4012,433
4013,433
4014,433
4015,433
4016,1927
4770,435
4003,435
4004,435
4005,435
4007,435
4773,435
4774,435
6281,1581
6280,1581
4894,526
4778,527
4898,527
4899,527
4897,527
4893,527
6259,531
4895,531
4896,531
4901,531
6266,531
6270,531
6269,531
6271,531
6273,531
6268,531
6265,531
4903,1582
4900,1582
4902,1582
6276,528
6272,528
6274,528
4763,428
4776,428
4904,428
7530,1369
4648,859
4684,859
4680,859
4649,859
4681,859
4694,859
7217,868
7214,868
7215,868
7212,868
971,648
969,648
4779,648
941,648
945,648
943,648
972,648
940,648
922,692
932,690
936,690
931,690
930,690
962,690
960,690
929,690
921,690
919,690
920,690
923,690
937,655
939,655
935,655
938,655
7723,655
968,655
970,655
964,649
965,649
942,649
7196,650
944,650
7199,651
7198,651
7197,651
7201,652
5408,652
7200,652
7202,1531
7203,653
7204,653
7205,653
7206,653
5410,653
5409,653
7210,870
5429,870
5430,870
7211,870
7207,870
5415,870
5419,869
5418,869
7213,869
7209,869
7208,869
5417,869
5416,869
7216,867
5421,867
5420,867
4705,855
4706,855
4708,855
4707,855
4709,855
4679,1534
4676,1534
4677,1534
4659,1534
4678,1534
4657,857
4658,857
4685,857
4655,857
4656,857
4698,857
4712,857
4660,857
4695,857
4661,857
4662,857
4692,857
4646,858
4651,858
4647,858
4652,858
4650,858
4687,858
4654,858
4700,1533
4672,1533
4674,1533
4673,1533
4671,1533
4670,1533
4701,1533
4689,860
4682,860
4696,860
4664,860
4663,860
4665,860
4666,860
4686,860
4688,860
4683,860
4667,860
4690,860
4668,860
4693,860
4697,860
4702,860
4634,1535
4635,1535
4636,1535
7578,1535
7601,1535
3479,1535
4638,1535
3480,1535
4669,1535
4639,1535
4699,1535
4640,1535
4637,1535
7574,719
7575,719
7576,719
7577,719
4629,716
4631,716
4630,716
4632,716
4628,716
4633,716
4624,718
4623,718
4719,718
4618,718
4653,718
4608,1536
4610,1536
4621,1536
4620,1536
4626,1536
4625,1536
4609,1536
4622,1536
4619,1536
4617,1536
4616,1536
4615,1536
4720,1536
4627,1536
4645,1532
4644,1532
4643,1532
4642,1532
4641,1532
4691,1532
4717,720
4716,720
4714,720
4718,717
7559,717
7560,717
4721,717
4602,721
4603,721
4606,721
4613,721
4601,721
4612,721
4611,721
4604,721
4605,721
4715,721
4713,721
4607,721
725,722
724,722
4600,722
727,722
728,722
726,722
7598,1320
7597,1320
583,1320
584,1320
585,1320
7599,1330
7596,1330
7595,1330
7594,1330
7500,1332
7501,1332
7507,1343
7503,1343
7502,1343
7515,1343
7504,1343
7545,882
7506,875
7505,875
7513,875
7509,875
3319,1334
3320,1334
3318,1334
3314,1334
3317,1334
3313,1334
3315,1334
3312,1334
3311,1334
3310,1334
643,1334
644,1334
642,1334
590,794
587,794
586,794
589,794
588,794
578,794
575,794
577,794
582,794
574,794
572,794
569,794
7579,1282
7580,1282
604,1282
602,1282
603,1282
601,1282
600,1282
599,1282
597,1282
596,1282
594,1282
595,1282
593,1282
592,1282
598,1282
5519,1282
5521,1282
609,1322
608,1322
7583,1322
607,1322
605,1322
7582,1322
7581,1322
606,1322
623,793
624,793
622,793
621,793
620,793
619,793
614,793
615,793
617,793
616,793
618,793
613,793
611,793
612,793
610,793
645,1326
646,1326
626,1326
7585,1326
7586,1326
625,1326
7592,879
3321,879
634,879
630,879
632,879
631,879
635,879
636,879
638,879
637,879
641,879
639,879
628,879
629,879
627,879
7584,879
7590,877
3328,877
7589,877
3323,877
7588,877
3322,877
7587,877
7593,1437
651,1437
633,1437
7591,1437
3331,1437
7540,1380
7539,1380
7537,1429
7538,1429
7536,1429
7510,1417
7508,1417
7512,1436
7514,1436
7511,1436
7543,1379
7544,1379
7541,873
7542,873
7518,874
7517,874
7516,874
7519,874
7520,874
5534,2001
5535,2001
5531,2001
5530,2001
591,2003
576,2003
573,2003
571,2003
570,2003
562,2003
567,2003
563,2003
561,2003
564,791
566,791
559,791
579,791
568,791
557,791
650,1781
649,1781
647,1781
565,1781
581,1781
580,1781
5513,2007
5506,2007
5504,2007
5503,2007
5502,2007
5522,2007
5512,2007
5509,2007
5505,2007
5510,2007
5511,2007
5501,795
5500,795
549,795
552,795
554,795
555,795
558,795
560,795
5520,1782
5518,1782
5517,1782
5515,1782
5508,1782
5516,1782
5507,1782
5545,801
5527,801
5528,801
5523,801
5525,801
5524,801
5526,801
5529,801
5514,801
5554,803
5550,803
5551,803
5555,803
5537,803
5539,803
5538,803
5540,803
5544,803
5536,803
5542,803
5543,803
5541,803
7535,1344
7521,1344
7533,872
7523,872
7527,872
7534,872
7522,872
7526,871
7531,871
7528,871
7529,871
7525,871
7532,871
7524,871
4704,856
4703,856
4675,856
4711,856
4710,856
6978,1414
6970,1414
6967,1414
6976,1414
6953,1279
6977,1279
6966,1279
6980,1279
6981,1279
6979,1215
6971,1215
6982,1215
6974,1215
6951,1215
6965,1215
6952,1215
6969,1194
6968,1194
6831,1135
6820,1135
6836,1135
6816,1266
6817,1266
6824,1266
6819,1266
6823,1134
6818,1134
6834,1134
6574,852
6584,852
6585,852
6588,852
6589,852
6586,852
6591,852
6590,852
6607,852
6605,852
6521,899
6520,899
6517,899
6593,899
6592,899
6530,899
6513,899
6577,899
6537,1113
6617,1113
6538,1113
6539,1113
6540,1113
6571,1113
6616,1113
6525,1139
6524,1139
6523,1139
6522,1139
6620,1139
6531,1139
6533,1139
6619,1139
6535,1139
6618,1139
6527,1370
6536,1370
6526,1370
6532,1370
6534,1370
4366,1372
4368,1372
4369,1372
6060,1372
4331,1341
4321,1341
4320,1341
4329,1341
4308,1341
7314,1341
4322,1341
4327,1341
4326,1341
7399,1341
4317,1191
4319,1191
7492,1191
4318,1191
5558,1466
5560,1466
5566,1466
7656,1479
7383,1479
4464,1478
5628,1475
4460,1475
7384,1474
4459,1474
7487,1474
7489,1474
5587,1551
5606,1566
5613,1566
5610,1566
5557,1490
5571,1490
5577,1490
5569,1490
5578,1491
5574,1491
5575,1491
5582,1487
5563,1487
5581,1563
5616,1563
5615,1563
5576,1563
5614,1563
5583,1562
5588,1562
5611,1562
5579,1562
5612,1562
5617,1562
5609,1562
5580,1562
5584,1472
5585,1472
4450,1473
4457,1473
4458,1473
5573,1471
5572,1471
7405,1471
7377,1471
7385,1470
7386,1470
4391,1193
4344,1469
4343,1161
4338,1161
4332,1161
4333,1161
4339,1161
4335,1161
4337,1161
4336,1161
4334,1161
4399,1190
4315,1190
4345,1190
4316,1190
4341,1190
4384,1192
4398,1192
4351,1340
4330,1340
4386,1375
4383,1375
4378,1178
4381,1178
6058,1178
4388,1178
4340,1179
4347,1179
4342,1179
4394,1179
4379,1362
4389,1362
4346,1362
4380,1361
4396,1361
4400,1361
4397,1363
4393,1363
4395,1363
4382,1363
4385,1338
4350,1338
4349,1338
4348,1338
4373,1337
4371,1337
4372,1336
4374,1336
4375,1339
4377,1339
4365,1138
4364,1138
4376,1138
7660,1303
4355,1303
4361,1303
4362,1303
6849,1297
6821,1297
6815,1297
4352,1175
4363,1175
4360,1175
4354,1333
4353,1333
6827,1333
4359,1137
4356,1137
4357,1137
4358,1137
6850,1331
6851,1331
6826,1331
7220,1331
6852,1331
6848,1331
6822,1331
7429,1345
4482,1288
7441,1288
7450,1288
7448,1288
7301,1288
7421,1288
7433,1288
7428,1302
4473,1302
7438,1302
7437,1302
7442,1302
7417,1174
4491,1174
4495,1174
7431,1174
7430,1174
4480,1174
7443,1176
4401,1364
4390,1364
4392,1364
4411,1352
4417,1352
4416,1352
4414,1352
7485,1352
4418,1352
4412,1366
4402,1366
4406,1350
4407,1350
4387,1350
4408,1350
4415,1350
4409,1350
4410,1350
5445,1350
4484,1354
7389,1354
4439,1354
7388,1354
4438,1354
7445,1300
7435,1300
7439,1300
7436,1300
7302,1170
4470,1170
7303,1170
4483,1170
7434,1150
7466,1150
7449,1150
7464,1150
7304,1150
4431,1281
7476,1284
7373,1284
7382,1284
7370,1163
4429,1163
7478,1163
4465,1251
4441,1251
7473,1251
4430,1328
4428,1328
4454,1168
7403,1168
4453,1168
7407,1168
7406,1168
7378,1168
4452,1173
4424,1358
7404,1358
7381,1358
4456,1358
7484,1422
4451,1422
7379,1422
7482,1422
7380,1167
7411,1167
4403,1367
4419,1367
7402,1367
4404,1368
4421,1365
4405,1365
4413,1365
4436,1141
4426,1141
4423,1141
4425,1356
7410,1356
7376,1283
7375,1283
4434,1301
4466,1301
7659,1276
4444,1276
4446,1243
4447,1243
7327,1243
7338,1242
7368,1242
4445,1234
4463,1152
7400,1152
4440,1154
4442,1154
7475,1327
7474,1327
4432,1278
7453,1278
7320,1165
7321,1165
4471,1171
4468,1171
4467,1171
4485,1171
7463,1274
7467,1274
7468,1274
7460,1298
7461,1298
7469,1298
4435,1298
7470,1298
4474,1298
7312,1271
4477,1271
7454,1271
7459,1271
7308,1299
7307,1299
4469,1299
7465,1299
7462,1299
7408,1357
7447,1353
7387,1353
4420,1353
4427,1359
7218,1359
4422,1359
7219,1169
7409,1169
7305,1172
7471,1172
7472,1172
7306,1355
7446,1355
7444,1355
7309,1346
4472,1346
7440,1346
7413,1130
7658,1130
6843,1130
7390,1130
7310,1130
4487,1130
4488,1130
7432,1130
4481,1130
4496,1130
6856,1294
6857,1294
6853,1294
7414,1294
7412,1294
4492,1289
4497,1289
7427,1148
4498,1148
4479,1148
7426,1149
4486,1149
4475,1149
7425,1149
4476,1147
7315,1147
7316,1147
7424,1147
7456,1286
7317,1286
7452,1159
7451,1159
7075,1285
7094,1285
7097,1285
7423,1285
7311,1287
7422,1287
7318,1287
7126,1262
7182,1262
7114,1264
7117,1264
7125,1264
4493,1133
7418,1133
4478,1291
7300,1291
4499,1291
6835,1292
7415,1292
4494,1292
7416,1292
4489,1292
6814,1267
6839,1267
6832,1267
6846,1267
6838,1267
6837,1267
6847,1268
6813,1136
6829,1136
6828,1136
6858,1290
6855,1290
6830,1290
6854,1290
7419,1290
6862,1127
6861,1127
6859,1127
6860,1127
7420,1127
7116,1127
6863,1127
6864,1126
6869,1126
6865,1126
7120,1203
7070,1203
7071,1202
7087,1202
7072,1202
6990,1120
6989,1120
6995,1120
7032,1120
7009,1216
7029,1216
7008,1217
7007,1118
7010,1118
7018,1196
7011,1196
7022,1196
7016,1196
7017,1196
6910,1196
7030,1196
7033,1199
7034,1199
7024,1199
7014,1199
7027,1219
7028,1219
7025,1219
7031,1219
7006,1121
7073,1121
7020,1121
7005,1121
7035,1197
7023,1197
7004,1197
7036,1197
7037,1197
7038,1140
7015,1140
7090,1198
7088,1198
7092,1265
7109,1265
7108,1206
7107,1206
7110,1206
7111,1206
7113,1206
7059,1416
7052,1416
7089,1416
7102,1142
7074,1142
7146,1142
7161,1142
7103,1213
7060,1213
7061,1213
7104,1213
7106,1213
7112,1213
7062,1145
7064,1145
7159,1145
7063,1145
7065,1145
7101,1260
6867,1260
7066,1260
7093,1260
6874,1125
6875,1125
6873,1125
6872,1125
6871,1125
6870,1125
6868,1125
6866,1125
6879,1220
6880,1220
6878,1220
6877,1220
6876,1220
6884,1124
6883,1124
6882,1124
6881,1124
6888,1200
6886,1200
6885,1200
6887,1200
6891,1200
6890,1117
6889,1117
6904,1114
6895,1114
6905,1114
6916,1114
6906,1114
6894,1114
6893,1114
6892,1114
6908,1114
6907,1114
6911,1413
6901,1413
6900,1413
6899,1413
6909,1413
6898,1413
6897,1413
6896,1413
6942,1116
6941,1116
6922,1214
6912,1214
6903,1214
6914,1214
6913,1214
6920,1214
6918,1214
6919,1214
6902,1214
7127,1146
7105,1146
7078,1146
7053,1210
7098,1210
7142,1210
7119,1211
7154,1211
7091,1218
7069,1218
7021,1218
7048,1122
7051,1122
7026,1122
7047,1122
7160,1212
7144,1212
7128,1263
7121,1261
7157,1261
7164,1259
7147,1259
7158,1258
7165,1258
7457,1164
7458,1164
7313,1164
7067,1254
7129,1254
7115,1269
7076,1269
7077,1269
7151,1269
7162,1269
7124,1157
7163,1157
7143,1143
7153,1158
7079,1158
7145,1255
7155,1255
7156,1257
7148,1144
7152,1144
7118,1209
7057,1253
7049,1253
7043,1207
7013,1207
7181,1156
7180,1156
7330,1236
7395,1236
7396,1236
7358,1236
7329,1323
7336,1323
7397,1323
7337,1323
7328,1323
7493,1325
7394,1240
7359,1240
7398,1240
7333,1245
7346,1481
7652,1481
5618,1498
5641,1498
5640,1498
5619,1498
5620,1498
7347,1482
7653,1482
7342,1321
7343,1321
7323,1321
7344,1246
7339,1246
6050,1246
7371,1250
7374,1250
4433,1250
4455,1250
7483,1250
4437,1250
4449,1421
7488,1421
7372,1421
4443,1166
4448,1166
7477,1166
7369,1166
4462,1162
7479,1162
7360,1162
7486,1162
7480,1420
7322,1419
7367,1419
7481,1477
4461,1477
5630,1499
5626,1499
5605,1561
5623,1561
5607,1561
5608,1561
5589,1561
5590,1476
5586,1476
5624,1492
5629,1492
5627,1492
5638,1497
5635,1497
5625,1497
5639,1497
7655,1480
7654,1244
7326,1153
7650,1153
7335,1153
7498,1151
7499,1151
7497,1151
7324,1381
7325,1381
7651,1381
7340,1324
7496,1324
7494,1324
7495,1324
7491,1319
7334,1319
7490,1319
5664,1556
5661,1500
5662,1500
5658,1557
5659,1557
5655,1557
5663,1557
5633,1552
5642,1552
5621,1496
5622,1496
5636,1496
5637,1496
5632,1496
5634,1496
5631,1496
5645,1579
5648,1579
5649,1579
5653,1579
5651,1567
5643,1555
5647,1555
5656,1555
5657,1555
5660,1555
5650,1484
5652,1484
5644,1484
5646,1484
5654,1484
7353,1177
7355,1177
7354,1177
7349,1418
7341,1418
7350,1418
7352,1418
7351,1418
7348,1296
7331,1318
7401,1318
7356,1318
7332,1318
7345,1233
7365,1233
7391,1233
7177,1235
7393,1235
7362,1235
7364,1239
7392,1238
7363,1238
7366,1238
7179,1232
7178,1232
7173,1231
7174,1231
7086,1129
7170,1129
7166,1230
7168,1230
7176,1230
7141,1230
7171,1229
6054,1229
7167,1229
7172,1225
7082,1225
7085,1225
7138,1228
7137,1228
7136,1228
7080,1224
7081,1224
7084,1128
7083,1128
7046,1415
7099,1256
7150,1256
7133,1256
7058,1208
7055,1208
7056,1208
7149,1208
7175,1155
7095,1155
7096,1155
7169,1155
7068,1155
7130,1160
7131,1160
6056,1160
7132,1160
7455,1160
7135,1227
7134,1227
7140,1227
7139,1227
7122,1252
7123,1222
6055,1222
7040,1123
7041,1123
7045,1123
7054,1123
7044,1123
7039,1221
7019,1221
7042,1221
7002,1204
7003,1204
7012,1204
7050,1204
6986,1119
6985,1119
6999,1119
7001,1119
6984,1119
6998,1119
7000,1119
6983,1119
6931,1115
6932,1115
6929,1115
6924,1115
6926,1115
6935,1115
6936,1115
6994,1115
6934,1115
6933,1115
6928,1115
6992,1115
6927,1115
6988,1115
6993,1115
6987,1115
6996,1115
6946,1201
6945,1201
6930,1201
6938,1201
6939,1201
6943,1201
6940,1201
6944,1201
6991,1201
6937,1201
6949,1201
6915,1112
6921,1112
6917,1112
6923,1112
6948,1112
6925,1112
6947,1112
6972,1195
6973,1195
6975,1195
6950,1195
6833,1295
6844,1295
6840,1295
6842,1295
6845,1295
6841,1295
6825,1295
#sicily,b
84,343
101,343
7840,343
87,343
83,343
7837,343
82,343
7838,343
88,343
#a,a
86,342
91,342
90,342
7841,342
#a,a
93,341
94,341
95,341
92,341
7843,341
#a,a
96,340
7892,340
97,340
98,340
89,340
#a,a
100,339
99,339
80,339
81,339
#sardinia,b
3506,1574
3505,1574
3504,1574
3503,1574
3489,1574
#a,aMayBeExpandedInTheFuture
3488,1560
3487,1560
#a,a
3502,1576
3501,1576
3500,1576
3499,1576
3497,1576
3494,1576
3496,1576
3498,1576
#a,a
3495,325
3493,325
3492,325
3485,325
3482,325
3491,325
#a,a
3481,326
3483,326
3484,326
3490,326
3486,326
#corsica,b
3515,324
3514,324
3516,324
3513,324
3512,324
3511,324
#a,a
3510,1577
3509,1577
3508,1577
3507,1577
#malta,b
1471,812
#southern_italy,b
72,338
75,338
73,338
#a,a
76,1712
78,1712
74,1712
79,1712
#a,a
77,337
52,337
51,337
#a,a
61,344
53,344
54,344
71,344
#a,a
55,345
56,345
62,345
63,345
64,345
65,345
57,345
#a,a
68,346
66,346
69,346
58,346
67,346
42,346
60,346
70,346
#a,a
46,336
59,336
13,336
12,336
11,336
10,336
47,336
43,336
#a,a
9,935
1713,935
#a,a
7,334
8,334
40,334
#a,a
32,335
48,335
33,335
41,335
44,335
1718,335
1716,335
#a,a
37,347
45,347
39,347
38,347
#a,aMayBeExpanded
49,348
36,348
50,348
#b,bCentral_Italy
34,1707
35,1707
29,1707
106,1707
#a,a
30,929
27,929
24,929
28,929
107,929
108,929
#a,a
109,350
110,350
118,350
117,350
111,350
#a,a
104,349
105,349
23,349
20,349
#a,a
1712,851
31,851
26,851
5,851
6,851
#a,a
4,333
25,333
19,333
2,333
3,333
15,333
16,333
1,333
#a,a
14,243
18,243
21,243
17,243
102,243
#a,a
22,332
113,332
#a,a
112,331
114,331
#a,a
115,330
116,330
125,330
#a,a
120,1708
119,1708
103,1708
#a,a
124,1713
130,1713
131,1713
#a,a
123,329
122,329
132,329
#a,a
121,1711
133,1711
#b,bnorthernItaly
127,327
126,327
128,327
136,327
#a,a
137,323
138,323
#a,a
129,328
135,328
134,328
139,328
#a,a
141,233
3552,233
3549,233
#a,a
3547,1714
3546,1714
3545,1714
#a,a
3550,232
3557,232
3556,232
3559,232
3555,232
3558,232
#a,a
3548,231
3563,231
3564,231
#a,a
3551,236
3535,236
3560,236
#a,a
3562,1710
3561,1710
3568,1710
#a,a
3565,235
3566,235
3572,235
#a,a
3574,234
3554,234
3553,234
#a,a
3575,321
3576,321
152,321
153,321
154,321
#a,a
151,322
149,322
#a,a
146,352
#a,a
147,351
142,351
148,351
#a,a
144,353
150,353
145,353
#a,a
143,355
3593,355
3594,355
#a,a
3592,319
3589,319
3595,319
3590,319
#a,a
3591,354
3588,354
#a,a
3587,320
3585,320
3582,320
3573,320
#a,a
3578,1709
3571,1709
3567,1709
#a,aMayBeExpanded
3569,1612
3570,1612
3577,1612
#a,a
3579,318
3580,318
3581,318
3583,318
3586,318
#a,a
3584,317
3662,317
3661,317
3596,317
#a,aMaySwitch3597BacktoVenice
3599,357
3597,357
3601,357
#a,a
3598,356
#a,a
3602,358
3606,358
3607,358
#a,a
3605,1695
3604,1695
3603,1695
#a,a
3600,1613
#a,a
#b,bNorthAfrica
3255,817
3252,817
3253,817
3256,817
3259,817
3251,817
3250,817
3249,817
3242,817
3240,817
3243,817
3244,817
3245,817
3254,817
#a,a
3257,819
3258,819
3262,819
3230,819
3264,819
3263,819
3260,819
3261,819
#a,a
3233,818
3265,818
3267,818
3271,818
3269,818
3268,818
3234,818
3235,818
3238,818
3241,818
#a,a
3275,816
3276,816
3277,816
3278,816
3280,816
3283,816
3287,816
3285,816
3288,816
3286,816
3281,816
3282,816
3284,816
#a,a
3289,814
3291,814
3292,814
3290,814
3202,814
#a,a
3200,815
3199,815
3211,815
3273,815
3279,815
3212,815
3274,815
3272,815
3239,815
3236,815
3246,815
3210,815
#a,aMayBeExpanded
3201,1726
3196,1726
3190,1726
3189,1726
3188,1726
3193,1726
3195,1726
3194,1726
#b,bLibya
3293,813
3296,813
3295,813
3294,813
3297,813
3298,813
3299,813
#a,a
3300,811
3301,811
3302,811
3303,811
3304,811
3305,811
3306,811
#a,a
3324,810
3325,810
3326,810
3327,810
#a,a
3329,809
3330,809
3332,809
3333,809
3334,809
3335,809
3336,809
#a,aMayBeExpanded
3337,1721
3338,1721
3339,1721
3340,1721
3341,1721
3342,1721
3343,1721
3345,1721
#b,b
#b,bBalearics
1464,827
1465,827
1466,827
1468,827
1467,827
#a,a
1469,826
#b,bSouthernGaul
3544,230
3530,230
#a,a
3543,221
3541,221
3540,221
3517,221
2325,221
2323,221
2319,221
3523,221
3521,221
3542,221
3522,221
3518,221
3520,221
3529,221
#a,a
2318,220
2313,220
2312,220
2315,220
2314,220
2317,220
2316,220
#a,a
2260,212
2259,212
2256,212
#a,a
2257,211
1001,211
1060,211
#a,a
1079,213
2255,213
2258,213
#a,a
2321,222
2322,222
2320,222
2310,222
2309,222
#a,a
2324,229
3528,229
3524,229
3536,229
3534,229
3532,229
#a,a
2311,223
#a,a
3519,228
3527,228
3533,228
3531,228
3525,228
3526,228
2308,228
2307,228
2306,228
#a,a
2297,219
2285,219
2296,219
2286,219
#a,a
2295,218
3309,218
2268,218
2262,218
2261,218
#a,a
2263,214
2267,214
2265,214
2266,214
2278,214
2279,214
2270,214
2293,214
2326,214
2327,214
2338,214
2335,214
2269,214
2280,214
#a,a
2254,210
2253,210
#a,a
2276,209
2252,209
2251,209
2277,209
2249,209
2275,209
2273,209
2271,209
#a,a
2248,208
2246,208
2244,208
#a,a
2240,151
2239,151
#a,a
2238,150
2241,150
2242,150
2243,150
2247,150
2250,150
2274,150
#a,a
2272,215
2281,215
2288,215
#a,a
2245,149
2237,149
2235,149
2233,149
2236,149
#a,a
2234,143
2232,143
2229,143
2230,143
2226,143
#a,a
2289,216
2294,216
2292,216
2282,216
2287,216
#a,a
2329,147
2328,147
2340,147
2330,147
2331,147
2332,147
#a,a
2339,1966
2337,1966
3307,1966
#a,aMayBeExpanded
2290,148
2231,148
2291,148
#b,bNorthWestGaul
2333,144
2334,144
3000,144
2392,144
2389,144
2388,144
#a,a
2283,145
2341,145
2404,145
1721,145
2344,145
2343,145
2386,145
#a,a
1719,217
2342,217
2284,217
2298,217
#a,a
2299,224
2300,224
2370,224
2371,224
#a,a
2372,226
2366,226
2348,226
#a,a
2373,146
2375,146
2378,146
2380,146
2381,146
2376,146
2374,146
#a,a
2379,139
2383,139
2385,139
2384,139
2346,139
2382,139
2409,139
2377,139
2410,139
#a,a
2387,141
2345,141
2390,141
2391,141
2393,141
2228,141
#a,a
2225,142
2224,142
2227,142
2397,142
#a,a
2210,1957
#a,a
2211,1959
2398,1959
#a,a
2399,140
2396,140
2420,140
2395,140
#a,a
2419,110
2405,110
2406,110
2407,110
2422,110
2421,110
#a,a
2424,1965
2425,1965
#a,a
2423,109
2426,109
#a,a
2394,107
2349,107
2400,107
2402,107
2352,107
2403,107
#a,a
3308,106
2212,106
2153,106
#a,a
2209,105
2147,105
2148,105
2156,105
2149,105
#a,a
2154,104
2155,104
2152,104
#a,a
2151,103
#a,a
2160,1936
2158,1936
#a,a
2150,1937
2159,1937
#a,a
2157,102
2141,102
2142,102
2146,102
#a,a
2143,101
2145,101
2215,101
2144,101
#a,a
2217,108
2214,108
2351,108
2459,108
2401,108
2456,108
#a,a
2140,100
2137,100
2135,100
2134,100
5431,100
#a,a
2216,1956
2139,1956
2136,1956
2138,1956
2220,1956
#a,a
2221,99
2219,99
2464,99
2466,99
2467,99
2223,99
2218,99
2222,99
#a,a
2461,1958
2463,1958
2460,1958
2458,1958
#a,a
#b,bCrete
368,479
367,479
370,479
351,479
372,479
#a,a
358,480
361,480
359,480
355,480
344,480
#b,bRhodes
266,483
280,483
#b,bGreece
471,478
429,478
450,478
7892,478
430,478
427,478
7889,478
473,478
#a,a
431,477
432,477
433,477
436,477
#a,a
435,476
439,476
446,476
7890,476
434,476
449,476
438,476
448,476
444,476
7893,476
#a,a
7891,481
440,481
441,481
7903,481
451,481
7895,481
7894,481
418,481
#a,a
417,482
7800,482
7897,482
416,482
7799,482
7898,482
413,482
7802,482
#a,a
461,474
#a,a
460,1889
#a,a
468,475
423,475
406,475
402,475
7896,475
399,475
475,475
7798,475
424,475
#a,a7801MayBeWasteland
458,1881
457,1881
456,1881
401,1881
#a,a
7803,473
462,473
466,473
465,473
425,473
464,473
463,473
#a,a
469,489
394,489
395,489
396,489
389,489
388,489
404,489
400,489
#a,a
408,1887
411,1887
405,1887
393,1887
#a,a
412,471
3356,471
3125,471
#a,a
3175,1883
#a,a
419,472
476,472
421,472
474,472
#a,a
470,1890
#a,a
467,1886
3192,1886
1445,1886
#a,a
422,470
455,470
415,470
2264,470
#a,a
384,490
385,490
379,490
383,490
382,490
381,490
428,490
380,490
#a,aMayBeExpanded
392,488
390,488
391,488
398,488
#a,a
442,485
7902,485
472,485
443,485
437,485
447,485
1835,485
452,485
1903,485
#a,a
1964,484
7905,484
1915,484
454,484
1996,484
375,484
387,484
263,484
#a,a
376,491
378,491
377,491
374,491
373,491
#a,a
366,1882
386,1882
371,1882
369,1882
365,1882
#a,a
364,1885
363,1885
356,1885
362,1885
494,1885
#a,a
497,492
4302,492
4153,492
498,492
4306,492
#a,a
397,1888
4303,1888
4304,1888
4305,1888
4152,1888
4117,1888
4108,1888
4096,1888
397,1888
#Ireland,b
2177,14
2161,14
2163,14
#a,a
2162,15
2182,15
2178,15
2181,15
#a,a
2186,12
2187,12
#a,a
2188,16
2189,16
2165,16
#a,a
2190,11
#a,a
2193,1951
2168,1951
#a,a
2195,7
2170,7
2172,7
#a,a
2208,5
2173,5
2207,5
#a,a
2174,4
2206,4
2205,4
#a,a
2203,3
2204,3
2175,3
#a,a
2202,8
2171,8
2196,8
#a,a
2197,1954
2199,1954
2198,1954
#a,a
2201,1952
2194,1952
#a,a
2200,9
2169,9
#a,a
2184,1955
#a,a
2191,10
2167,10
#a,a
2192,1953
2164,1953
2185,1953
#a,a
2166,13
2183,13
2180,13
#a,a
2179,1938
2176,1938
#b,bMann
2108,54
#b,bEnglandAndWales
2000,31
2002,31
#a,a
2001,29
2004,29
2003,29
2006,29
#a,a
2005,28
2008,28
#a,a
2007,27
2010,27
#a,a
2009,1944
#a,a
2011,26
2015,26
2016,26
2013,26
#a,a
2014,1950
#a,a
2017,25
2019,25
#a,a
2020,73
2021,73
2023,73
#a,a
2018,24
#a,a
2022,32
2027,32
#a,a
2038,72
2028,72
2030,72
2029,72
#a,a
2034,71
2035,71
2036,71
2033,71
2032,71
#a,a
2031,70
2037,70
#a,a
2063,61
2057,61
2068,61
3057,61
#a,a
2075,1941
2076,1941
#a,a
2052,68
2053,68
2044,68
2051,68
#a,a
2042,69
2043,69
#a,a
2026,22
2041,22
2045,22
2061,22
#a,a
2025,23
2012,23
#a,a
2024,21
2039,21
2040,21
2049,21
#a,a
2092,20
#a,a
2093,19
#a,a
2094,1946
#a,a
2095,18
2099,18
#a,a
2096,1948
2103,1948
#a,a
2104,64
#a,a
2105,1949
#a,a
2106,60
#a,a
2107,65
2102,65
2101,65
#a,a
2100,1947
#a,a
2097,1945
#a,a
2098,17
2050,17
#a,a
2060,66
2059,66
2046,66
#a,a
2048,30
2056,30
#a,a
2055,67
2054,67
#a,a
2065,62
2062,62
2058,62
#a,a
2047,59
2064,59
2070,59
#a,a
2071,58
2072,58
2073,58
2080,58
2081,58
#a,a
2082,53
2083,53
#a,a
2084,55
5432,55
#a,a
2088,1943
2074,1943
#a,a
3058,1942
2069,1942
2067,1942
#a,a
5434,63
5433,63
2066,63
#a,a
2077,57
2078,57
2079,57
#a,a
3059,56
2085,56
2087,56
#a,a
3060,52
2086,52
2089,52
#a,a
2090,1940
#b,bScotland
2111,51
#a,a
2114,48
#a,a
2115,46
#a,a
2133,43
7740,43
#a,a
2116,41
2125,41
#a,a
2123,40
2120,40
2118,40
#a,a
7739,39
2121,39
2119,39
#a,a
2131,37
2122,37
#a,a
2132,36
#a,a
2128,35
2129,35
2130,35
#a,a
2127,1939
#a,aMayNeedTweaking
6311,45
2117,45
#a,a
2124,47
#a,a
2112,49
#a,a
2109,50
2110,50
#a,a
2091,38
2113,38
#b,bCyprus
6431,756
334,756
333,756
338,756
336,756
#a,a
332,757
331,757
330,757
6433,757
335,757
#b,bCyrenaeca
3344,808
3346,808
3347,808
3348,808
3349,808
3350,808
3351,808
3352,808
3353,808
3357,808
3354,808
#a,a
3359,806
3358,806
3360,806
3362,806
3361,806
3363,806
3364,806
3365,806
3366,806
#a,a
3367,805
3368,805
3369,805
3370,805
3371,805
3372,805
#a,a
3373,804
3374,804
3375,804
#b,bEgypt
3376,2005
3377,2005
3378,2005
3379,2005
3380,2005
3476,2005
3477,2005
5556,2005
5553,2005
5552,2005
#a,a
3478,802
445,802
453,802
516,802
#a,a
529,799
530,799
532,799
531,799
517,799
515,799
527,799
#a,a
7691,798
518,798
519,798
520,798
533,798
523,798
521,798
522,798
#a,a
7690,789
508,789
510,789
7688,789
#a,aMayBeChanged
525,790
511,790
655,790
503,790
7668,790
507,790
501,790
#a,a
524,797
534,797
7689,797
504,797
513,797
526,797
528,797
#a,a
514,2004
512,2004
5549,2004
#a,a
536,796
500,796
537,796
538,796
543,796
542,796
546,796
#a,a
548,2002
551,2002
553,2002
556,2002
#a,a
541,800
539,800
540,800
5547,800
5546,800
544,800
#a,aMayBeExpanded
550,2001
547,2001
5533,2001
545,2001
5532,2001
5548,2001
#a,a
502,2006
505,2006
#a,a
#b,bThrace
414,493
4310,493
492,1884
360,1884
357,1884
354,1884
1774,1884
#a,a
349,495
350,495
347,495
352,495
#a,a
346,496
345,496
1453,496
341,496
#a,a
342,497
343,497
495,497
4314,497
348,497
4154,497
#a,a
353,494
489,494
491,494
4309,494
493,494
490,494
#a,a
#b,bIllryia
2213,469
2336,469
4090,469
4089,469
1144,469
4092,469
4094,469
#a,a
4091,1972
4087,1972
4088,1972
4086,1972
#a,a
4085,468
4083,468
4082,468
#a,a
4018,458
4019,458
4020,458
4021,458
4022,458
#a,a
4023,459
4032,459
4034,459
4033,459
4036,459
4044,459
4045,459
#a,a
4035,464
4042,464
4046,464
#a,a
4052,465
4049,465
4051,465
4055,465
4053,465
4054,465
#a,a
4056,467
4058,467
4060,467
4059,467
4057,467
4057,467
#a,a
4062,466
4063,466
4066,466
4081,466
4084,466
#a,a
#Anatolia
240,741
242,741
241,741
239,741
234,741
236,741
235,741
#a,a
238,740
233,740
237,740
207,740
326,740
#a,a
243,750
246,750
245,750
247,750
323,750
322,750
327,750
7765,750
325,750
324,750
244,750
#a,a
248,742
250,742
271,742
320,742
321,742
249,742
303,742
306,742
304,742
273,742
#a,a
252,743
254,743
253,743
251,743
269,743
337,743
272,743
276,743
#a,a
255,744
256,744
261,744
257,744
258,744
259,744
281,744
265,744
264,744
262,744
268,744
260,744
267,744
#a,a
282,745
279,745
285,745
287,745
296,745
298,745
278,745
275,745
299,745
#a,a
274,1935
305,1935
301,1935
307,1935
300,1935
293,1935
292,1935
#a,a
295,746
294,746
291,746
288,746
289,746
290,746
1969,746
1966,746
1968,746
1973,746
1972,746
1974,746
#a,a
1653,747
1970,747
1981,747
1977,747
1967,747
1963,747
1956,747
1957,747
1997,747
1989,747
1987,747
1985,747
1984,747
1980,747
1992,747
1990,747
1960,747
171,747
159,747
1991,747
1995,747
1993,747
1998,747
156,747
160,747
161,747
162,747
164,747
#a,a
1953,748
1952,748
1962,748
1948,748
1947,748
308,748
#a,a
1958,754
1959,754
1935,754
1943,754
1945,754
1946,754
1944,754
311,754
#a,a
1961,755
1986,755
170,755
165,755
1910,755
1911,755
1921,755
1885,755
168,755
166,755
167,755
1988,755
#a,a
1905,758
1904,758
1901,758
1890,758
1892,758
1894,758
1896,758
1780,758
1784,758
1906,758
1908,758
#a,aMayBeShifted
1887,761
1883,761
1872,761
1889,761
1881,761
#a,a
1879,762
1880,762
1884,762
1877,762
1882,762
#a,a
1931,1932
1949,1932
1933,1932
7760,1932
1930,1932
1936,1932
1942,1932
339,1932
309,1932
187,1932
186,1932
1941,1932
1937,1932
1930,1932
#a,a
302,749
312,749
319,749
317,749
318,749
315,749
185,749
#a,a
286,486
#a,a
283,487
284,487
277,487
420,487
270,487
297,487
#a,a
#b,bEasternIberia
1000,205
1002,205
1054,205
1008,205
1005,205
1059,205
1058,205
#a,a
1056,203
1057,203
1010,203
#a,a
1061,204
1009,204
1053,204
1052,204
1055,204
1007,204
1006,204
1004,204
1003,204
#a,a
#b,bSinai
509,788
535,788
1604,788
1600,788
#a,a
1709,785
1710,785
1684,785
1708,785
1693,785
1682,785
1675,785
#a,a
1688,786
704,786
705,786
703,786
708,786
699,786
707,786
706,786
#a,a
702,787
698,787
696,787
697,787
701,787
656,787
657,787
658,787
#a,a
#b,bLevant
#v,vHeavy Distortions, mapping may need a rework
659,781
660,781
693,781
695,781
694,781
700,781
#a,a
709,782
710,782
729,782
#a,a
681,778
731,778
#a,a
712,777
717,777
716,777
714,777
#a,a
718,723
721,723
#a,aJerusalem
713,774
715,774
683,774
684,774
687,774
719,774
676,774
673,774
#a,a
711,779
692,779
#a,a
688,776
691,776
689,776
686,776
#a,a
690,780
661,780
662,780
663,780
685,780
682,780
#a,a
664,775
665,775
679,775
680,775
678,775
667,775
668,775
671,775
672,775
669,775
666,775
#a,a
670,772
744,772
745,772
648,772
677,772
674,772
#a,a
723,773
733,773
722,773
675,773
720,773
#a,aMislabeled734
737,725
734,725
#a,a
742,771
741,771
747,771
746,771
743,771
#a,a
748,770
749,770
752,770
765,770
766,770
#a,a
763,767
768,767
767,767
769,767
779,767
771,767
762,767
772,767
778,767
#a,a
780,766
783,766
785,766
786,766
784,766
#a,a
788,764
789,764
790,764
#a,aMayBeChanged
792,763
1871,763
795,763
796,763
#a,a
1874,735
1875,735
1870,735
1873,735
1876,735
1878,735
#a,a
#CentralGaul
2304,227
2305,227
2303,227
2301,227
2302,227
2364,227
2356,227
2357,227
3622,227
#a,a
2369,225
#a,a
2358,1614
3626,1614
3627,1614
#a,a
2365,240
2360,240
#a,a
2359,1615
2362,1615
#a,a
2363,135
2361,135
2355,135
#a,a
3010,1608
#a,a
2427,1609
2429,1609
2428,1609
#a,a
2354,136
3005,136
2433,136
2436,136
2435,136
2437,136
2440,136
2431,136
2439,136
2438,136
#a,a
2367,137
2434,137
2412,137
2413,137
#a,a
2368,1960
2347,1960
2411,1960
2414,1960
2416,1960
#a,a
2417,132
2415,132
2418,132
2353,132
2432,132
2430,132
#a,a
2488,130
2449,130
3006,130
3008,130
2489,130
2486,130
#a,a
2448,131
2482,131
2480,131
2479,131
2481,131
#a,a
2408,138
2350,138
2478,138
#a,a
2457,111
2441,111
2462,111
#a,a
2442,112
2477,112
2476,112
2475,112
2483,112
#a,a
2474,1963
2444,1963
2472,1963
#a,a
2473,1961
2469,1961
3034,1961
2446,1961
#a,a
2443,98
#a,a
2470,97
2468,97
#a,a
2471,96
#a,a
3033,1962
3037,1962
3036,1962
#a,a
3035,95
3032,95
2445,95
2493,95
#a,a
3039,75
3027,75
3026,75
#a,a
3029,74
#a,a
3030,77
3040,77
3038,77
#a,a
3044,113
3045,113
3043,113
3047,113
3048,113
#a,a
2452,1964
2447,1964
2484,1964
2485,1964
2492,1964
2487,1964
2491,1964
2490,1964
#a,a
3051,114
2451,114
3049,114
2450,114
2495,114
3050,114
#a,a
#b,bAlps
3621,237
3539,237
3538,237
3537,237
3608,237
3609,237
3610,237
#a,a
3611,1610
3612,1610
#a,a
3620,238
3613,238
3615,238
#a,a
3616,246
3617,246
3618,246
3619,246
#a,a
3657,247
3656,247
3655,247
3654,247
#a,a
3658,316
3659,316
3660,316
3663,316
3665,316
3666,316
#a,a
3664,359
3668,359
3669,359
3667,359
3670,359
#a,a
3614,244
3630,244
3631,244
#a,a
3629,1611
3625,1611
#a,a
3624,239
3623,239
#a,a
3628,241
#a,a
#b,bBlackSeaCoast
482,498
4312,498
4307,498
4258,498
4247,498
480,498
481,498
#a,a
4248,509
4249,509
4250,509
4254,509
4255,509
4257,509
4256,509
4251,509
4253,509
4252,509
4246,509
4243,509
4242,509
4241,509
#a,a
479,508
4245,508
4259,508
4240,508
4239,508
#a,a
496,499
4313,499
484,499
478,499
486,499
4311,499
485,499
487,499
#a,a
488,500
3853,500
4097,500
499,500
477,500
4230,500
4116,500
4115,500
4222,500
#a,a
4244,507
4238,507
4237,507
4236,507
4233,507
4231,507
4227,507
4232,507
4234,507
4229,507
4228,507
4226,507
4224,507
4225,507
4223,507
4221,507
4217,507
4220,507
#a,a
4512,510
4513,510
4516,510
4519,510
4520,510
4517,510
4515,510
4512,510
4514,510
4518,510
#a,a
4521,1640
4522,1640
4919,1640
4800,1640
4922,1640
4921,1640
1640,1640
#a,a
4523,512
4524,512
4525,512
4918,512
4920,512
4917,512
4916,512
4928,512
#a,a
4526,1646
4527,1646
4528,1646
7186,1646
7195,1646
7194,1646
7189,1646
7185,1646
#a,aGloriousOlbia
4529,542
7187,542
6100,542
6098,542
6097,542
#a,a
4530,558
4531,558
4532,558
7190,558
4551,558
6124,558
7192,558
4552,558
#a,a
4533,559
4535,559
4534,559
4536,559
4547,559
4545,559
4546,559
4548,559
#a,a
4542,560
4537,560
4538,560
4539,560
4540,560
4541,560
#a,a
4543,561
4544,561
#a,a
4550,562
4549,562
#a,a
4553,557
7193,557
6149,557
6148,557
6152,557
6143,557
6144,557
6147,557
6146,557
6147,557
#a,a
4554,563
4555,563
6163,563
6164,563
6159,563
6158,563
6151,563
6156,563
6153,563
6154,563
6155,563
6157,563
#a,a
7188,543
7191,543
6118,543
6123,543
6141,543
6145,543
6142,543
6139,543
6129,543
6122,543
6119,543
6102,543
#a,a
#b,bDacia
4807,1642
4808,1642
4806,1642
4812,1642
4813,1642
4809,1642
4811,1642
#a,a
4810,514
4816,514
4818,514
4820,514
4817,514
#a,a
4266,1643
4267,1643
4276,1643
4277,1643
4278,1643
4270,1643
4268,1643
4269,1643
4271,1643
4279,1643
#a,a
4815,515
4814,515
4824,515
4805,515
#a,a
4803,513
4825,513
4913,513
#a,a
4804,511
4802,511
4801,511
4924,511
4923,511
4925,511
4931,511
4932,511
#a,a
#b,bCarpathia
4911,540
4294,540
4293,540
4292,540
4500,540
4909,540
4910,540
4501,540
4299,540
4298,540
4503,540
4502,540
4504,540
4505,540
4297,540
4506,540
4507,540
#a,a
4281,519
4295,519
4296,519
4291,519
4289,519
4290,519
4288,519
4285,519
4284,519
4286,519
4287,519
#a,a
4830,1645
4282,1645
4283,1645
4274,1645
4275,1645
4211,1645
4210,1645
#a,a
4262,516
4264,516
4261,516
4829,516
4828,516
4827,516
4260,516
#a,a
4838,517
4839,517
4836,517
4837,517
4841,517
4834,517
4835,517
4832,517
4833,517
4831,517
#a,a
4826,505
4190,505
4193,505
4196,505
4124,505
4197,505
4198,505
4195,505
4199,505
4205,505
4200,505
#a,a
4263,506
4207,506
4201,506
4204,506
4203,506
4202,506
4213,506
4212,506
4208,506
4209,506
4214,506
4215,506
4216,506
4218,506
#a,a
4280,1644
4273,1644
4272,1644
4822,1644
4821,1644
4823,1644
4819,1644
#a,a
4219,501
4112,501
4110,501
4109,501
4111,501
4118,501
4114,501
4113,501
#a,a
4120,502
4119,502
4101,502
4100,502
4093,502
4095,502
4099,502
4098,502
#a,a
4206,503
4122,503
4121,503
4106,503
4127,503
4125,503
4123,503
#a,a
4103,1973
4102,1973
4105,1973
4104,1973
#a,a
4107,1967
4080,1967
4067,1967
4064,1967
4069,1967
4065,1967
#a,a
4079,1971
4078,1971
4068,1971
#a,a
4070,463
4071,463
4072,463
4073,463
4043,463
4061,463
#a,a
4041,461
4040,461
4038,461
4177,461
4181,461
4180,461
#a,a
4176,1691
4039,1691
4175,1691
4137,1691
#a,a
4028,457
4027,457
4024,457
#a,a
4029,456
4025,456
#a,a
3671,1689
4047,1689
3672,1689
3674,1689
3673,1689
#a,aMayBeChanged
3668,359
3669,359
3667,359
3664,359
#a,a
4048,1696
4030,1696
4136,1696
#a,a
4134,1692
4031,1692
4143,1692
#a,a
4135,455
#a,a
4131,1690
3650,1690
3652,1690
3651,1690
#a,aMayBeExpanded
3653,1699
#a,aVienna
3918,449
4145,449
#a,a
4144,1694
4142,1694
#a,a
4141,1693
4133,1693
4140,1693
#a,a
4182,460
4173,460
4174,460
#a,a
4172,462
4179,462
4178,462
#a,a
4184,1969
4183,1969
4185,1969
4170,1969
#a,a
4074,1970
4075,1970
4077,1970
4076,1970
4186,1970
4129,1970
#a,a
4128,504
4130,504
4126,504
4194,504
4189,504
4192,504
4191,504
#a,a
4842,1968
4843,1968
4188,1968
#a,a
4846,518
4845,518
4844,518
4848,518
4847,518
#a,a
4171,452
4169,452
4168,452
4164,452
4162,452
4161,452
#a,a
4160,453
4148,453
4163,453
4166,453
4167,453
#a,a
4165,454
4132,454
4138,454
4139,454
4151,454
#a,a
4146,450
4150,450
4147,450
#a,a
4149,451
4155,451
4156,451
4157,451
4158,451
4159,451
#a,a
4855,522
4852,522
4854,522
4853,522
4877,522
#a,a
4849,521
4850,521
4857,521
4858,521
4851,521
4856,521
4840,521
#a,a
4881,520
4859,520
4860,520
4861,520
4510,520
4511,520
4508,520
4509,520
4882,520
4883,520
#a,a
#b,bSlovakia
4906,539
4907,539
4908,539
4905,539
#a,a
4885,537
4927,537
#a,a
4884,523
4880,523
4876,523
4875,523
#a,a
4874,444
4867,444
4868,444
3927,444
#a,a
3919,445
3925,445
3924,445
#a,a
4869,443
4872,443
4871,443
#a,a
4866,442
#a,a
4870,524
4873,524
#a,a
4892,525
#a,a
4888,538
4878,538
4879,538
#a,a
4886,533
4926,533
4889,533
#a,a
#b,bScandinavia


